0
0.001
0.002
0.00300000000000001
0.00400000000000001
0.00499999999999996
0.00599999999999992
0.00699999999999988
0.00799999999999984
0.0089999999999998
0.00999999999999976
0.0109999999999997
0.0119999999999997
0.0129999999999996
0.0139999999999996
0.0149999999999996
0.0159999999999995
0.0169999999999995
0.0179999999999994
0.0189999999999994
0.0199999999999994
0.0209999999999993
0.0219999999999993
0.0229999999999992
0.0239999999999992
0.0249999999999992
0.0259999999999991
0.0269999999999991
0.027999999999999
0.028999999999999
0.0299999999999989
0.0309999999999989
0.0319999999999991
0.0329999999999994
0.0339999999999997
0.035
0.0360000000000004
0.0370000000000007
0.038000000000001
0.0390000000000013
0.0400000000000016
0.0410000000000019
0.0420000000000022
0.0430000000000025
0.0440000000000028
0.0450000000000031
0.0460000000000034
0.0470000000000037
0.048000000000004
0.0490000000000043
0.0500000000000046
0.0510000000000049
0.0520000000000053
0.0530000000000056
0.0540000000000059
0.0550000000000062
0.0560000000000065
0.0570000000000068
0.0580000000000071
0.0590000000000074
0.0600000000000077
0.061000000000008
0.0620000000000083
0.0630000000000083
0.0640000000000079
0.0650000000000075
0.0660000000000071
0.0670000000000067
0.0680000000000063
0.0690000000000059
0.0700000000000056
0.0710000000000052
0.0720000000000048
0.0730000000000044
0.074000000000004
0.0750000000000036
0.0760000000000032
0.0770000000000028
0.0780000000000025
0.0790000000000021
0.0800000000000017
0.0810000000000013
0.0820000000000009
0.0830000000000005
0.0840000000000001
0.0849999999999997
0.0859999999999994
0.086999999999999
0.0879999999999986
0.0889999999999982
0.0899999999999978
0.0909999999999974
0.091999999999997
0.0929999999999966
0.0939999999999963
0.0949999999999959
0.0959999999999955
0.0969999999999951
0.0979999999999947
0.0989999999999943
0.0999999999999939
