#{tijd} #Energiefout 
0	0
0.0001	0.00099234
0.0002	0.00197617
0.0003	0.00294806
0.0004	0.00390463
0.0005	0.00484261
0.0006	0.0057589
0.0007	0.00665067
0.0008	0.00751554
0.0009	0.00835209
0.001	0.00916092
0.0011	0.00994832
0.0012	0.0107426
0.0013	0.0117397
0.0014	0.012404
0.0015	0.0125901
0.0016	0.0130081
0.0017	0.0134263
0.0018	0.0138088
0.0019	0.0141438
0.002	0.014426
0.0021	0.0146527
0.0022	0.014822
0.0023	0.014933
0.0024	0.0149855
0.0025	0.0149796
0.0026	0.0149163
0.0027	0.0147974
0.0028	0.014626
0.0029	0.0144066
0.003	0.0141419
0.0031	0.013814
0.0032	0.0133721
0.0033	0.0128247
0.0034	0.0122246
0.0035	0.011589
0.0036	0.0109179
0.0037	0.0102104
0.0038	0.00946662
0.0039	0.00868819
0.004	0.00787754
0.0041	0.00703797
0.0042	0.00617385
0.0043	0.0052913
0.0044	0.00440036
0.0045	0.00352233
0.0046	0.00271924
0.0047	0.00199246
0.0048	0.000733865
0.0049	0.000409537
0.005	0.00147268
0.0051	0.0025063
0.0052	0.00352345
0.0053	0.00452695
0.0054	0.00551623
0.0055	0.00648941
0.0056	0.00744405
0.0057	0.00837746
0.0058	0.00928688
0.0059	0.0101695
0.006	0.0110226
0.0061	0.0118435
0.0062	0.0126295
0.0063	0.013378
0.0064	0.0140863
0.0065	0.0147516
0.0066	0.0153708
0.0067	0.0159399
0.0068	0.016452
0.0069	0.0168921
0.007	0.0171993
0.0071	0.0160513
0.0072	0.0178877
0.0073	0.0183267
0.0074	0.0186081
0.0075	0.0188075
0.0076	0.0189403
0.0077	0.0190116
0.0078	0.0190235
0.0079	0.0189772
0.008	0.0188734
0.0081	0.0187126
0.0082	0.0184955
0.0083	0.0182226
0.0084	0.0178944
0.0085	0.0175115
0.0086	0.0170744
0.0087	0.0165829
0.0088	0.0160359
0.0089	0.0154296
0.009	0.0147533
0.0091	0.0139797
0.0092	0.0131289
0.0093	0.0124881
0.0094	0.0118469
0.0095	0.0111069
0.0096	0.0103019
0.0097	0.0094505
0.0098	0.00856221
0.0099	0.00764296
0.01	0.00669693
0.0101	0.00572725
0.0102	0.00473604
0.0103	0.0037239
0.0104	0.00268871
0.0105	0.0016235
0.0106	0.000523897
0.0107	0.000529339
0.0108	0.00143648
0.0109	0.00232819
0.011	0.00324022
0.0111	0.00415622
0.0112	0.00506348
0.0113	0.00595393
0.0114	0.00682187
0.0115	0.00766276
0.0116	0.00847272
0.0117	0.00924827
0.0118	0.00998626
0.0119	0.0106839
0.012	0.0113387
0.0121	0.0119487
0.0122	0.0125129
0.0123	0.0130316
0.0124	0.0135093
0.0125	0.0139639
0.0126	0.0145005
0.0127	0.0154672
0.0128	0.0148713
0.0129	0.014917
0.013	0.014968
0.0131	0.0149781
0.0132	0.0149353
0.0133	0.0148357
0.0134	0.0146775
0.0135	0.0144603
0.0136	0.0141845
0.0137	0.0138509
0.0138	0.0134605
0.0139	0.0130149
0.014	0.0125158
0.0141	0.011965
0.0142	0.0113649
0.0143	0.0107179
0.0144	0.0100265
0.0145	0.00929358
0.0146	0.00852227
0.0147	0.0077159
0.0148	0.00687822
0.0149	0.00601361
0.015	0.00512766
0.0151	0.00422868
0.0152	0.00333258
0.0153	0.00248174
0.0154	0.00177974
0.0155	0.000664464
0.0156	0.000540042
0.0157	0.00162303
0.0158	0.0026621
0.0159	0.00367814
0.016	0.00467643
0.0161	0.00565728
0.0162	0.00661905
0.0163	0.00755919
0.0164	0.00847458
0.0165	0.00936167
0.0166	0.0102164
0.0167	0.0110343
0.0168	0.0118105
0.0169	0.0125433
0.017	0.0132451
0.0171	0.0139464
0.0172	0.0146484
0.0173	0.0153163
0.0174	0.0159311
0.0175	0.0164894
0.0176	0.0169916
0.0177	0.0174381
0.0178	0.0178288
0.0179	0.0181632
0.018	0.0184407
0.0181	0.0186604
0.0182	0.0188209
0.0183	0.0189203
0.0184	0.0189551
0.0185	0.0189177
0.0186	0.0187868
0.0187	0.0184779
0.0188	0.0180008
0.0189	0.0181709
0.019	0.0180299
0.0191	0.0177558
0.0192	0.0174027
0.0193	0.0169867
0.0194	0.0165147
0.0195	0.0159906
0.0196	0.0154174
0.0197	0.0147975
0.0198	0.0141331
0.0199	0.0134268
0.02	0.0126807
0.0201	0.0118973
0.0202	0.0110791
0.0203	0.0102288
0.0204	0.00934887
0.0205	0.00844215
0.0206	0.00751132
0.0207	0.00655908
0.0208	0.00558791
0.0209	0.00459987
0.021	0.00359594
0.0211	0.0025743
0.0212	0.00152376
0.0213	0.0003843
0.0214	0.00175525
0.0215	0.00163492
0.0216	0.00244728
0.0217	0.00335536
0.0218	0.00427538
0.0219	0.00518691
0.022	0.00608071
0.0221	0.00695095
0.0222	0.00779316
0.0223	0.00860358
0.0224	0.0093789
0.0225	0.0101161
0.0226	0.0108125
0.0227	0.0114657
0.0228	0.0120738
0.0229	0.0126353
0.023	0.0131499
0.0231	0.0136189
0.0232	0.0140462
0.0233	0.0144381
0.0234	0.0147784
0.0235	0.0149811
0.0236	0.0150489
0.0237	0.0150642
0.0238	0.0150409
0.0239	0.0149721
0.024	0.0148526
0.0241	0.0146799
0.0242	0.014453
0.0243	0.0141727
0.0244	0.0138408
0.0245	0.0134608
0.0246	0.0130392
0.0247	0.0125878
0.0248	0.0121275
0.0249	0.0116342
0.025	0.0109153
0.0251	0.0100958
0.0252	0.00928198
0.0253	0.00845822
0.0254	0.00761299
0.0255	0.00674268
0.0256	0.00584731
0.0257	0.00492854
0.0258	0.00398884
0.0259	0.00303114
0.026	0.00205859
0.0261	0.00107453
0.0262	8.2413e-05
0.0263	0.000914201
0.0264	0.00191163
0.0265	0.00290601
0.0266	0.00389312
0.0267	0.00486804
0.0268	0.00582416
0.0269	0.00675004
0.027	0.00761491
0.0271	0.00821469
0.0272	0.00904557
0.0273	0.0102955
0.0274	0.0112201
0.0275	0.0120654
0.0276	0.0128595
0.0277	0.0136087
0.0278	0.0143141
0.0279	0.0149753
0.028	0.0155911
0.0281	0.01616
0.0282	0.0166806
0.0283	0.0171514
0.0284	0.0175711
0.0285	0.0179383
0.0286	0.0182519
0.0287	0.0185106
0.0288	0.0187135
0.0289	0.0188592
0.029	0.0189464
0.0291	0.018973
0.0292	0.0189351
0.0293	0.0188238
0.0294	0.0186145
0.0295	0.0182326
0.0296	0.0179102
0.0297	0.0178704
0.0298	0.017641
0.0299	0.0173001
0.03	0.0168836
0.0301	0.0164047
0.0302	0.0158698
0.0303	0.0152825
0.0304	0.0146457
0.0305	0.0139613
0.0306	0.0132308
0.0307	0.0124552
0.0308	0.0116349
0.0309	0.0107694
0.031	0.00986107
0.0311	0.00892888
0.0312	0.00801738
0.0313	0.00713137
0.0314	0.00623224
0.0315	0.00530588
0.0316	0.00435576
0.0317	0.00338801
0.0318	0.00240815
0.0319	0.00142093
0.032	0.000430555
0.0321	0.000559121
0.0322	0.0015446
0.0323	0.0025228
0.0324	0.00349128
0.0325	0.00444889
0.0326	0.00539752
0.0327	0.00634809
0.0328	0.00735168
0.0329	0.0087211
0.033	0.00909824
0.0331	0.00965737
0.0332	0.0103119
0.0333	0.0109591
0.0334	0.0115748
0.0335	0.0121493
0.0336	0.0126772
0.0337	0.0131548
0.0338	0.0135794
0.0339	0.013949
0.034	0.0142616
0.0341	0.0145158
0.0342	0.0147105
0.0343	0.0148449
0.0344	0.0149183
0.0345	0.0149305
0.0346	0.0148813
0.0347	0.014771
0.0348	0.0146001
0.0349	0.0143693
0.035	0.0140797
0.0351	0.0137328
0.0352	0.0133301
0.0353	0.0128738
0.0354	0.0123668
0.0355	0.0118128
0.0356	0.0112179
0.0357	0.0105937
0.0358	0.0099746
0.0359	0.00956741
0.036	0.00881112
0.0361	0.00761557
0.0362	0.00666466
0.0363	0.00573761
0.0364	0.00480396
0.0365	0.00385719
0.0366	0.00289683
0.0367	0.0019246
0.0368	0.000943176
0.0369	4.42077e-05
0.037	0.00103399
0.0371	0.0020223
0.0372	0.00300488
0.0373	0.0039769
0.0374	0.00493255
0.0375	0.00586457
0.0376	0.00676589
0.0377	0.00764507
0.0378	0.00855378
0.0379	0.0095034
0.038	0.0104325
0.0381	0.0113155
0.0382	0.0121517
0.0383	0.0129425
0.0384	0.0136883
0.0385	0.0143884
0.0386	0.0150413
0.0387	0.0156449
0.0388	0.0161961
0.0389	0.0166908
0.039	0.0171214
0.0391	0.0174714
0.0392	0.0176958
0.0393	0.0177827
0.0394	0.0182238
0.0395	0.0185798
0.0396	0.0187952
0.0397	0.0189227
0.0398	0.0189801
0.0399	0.0189741
0.04	0.018908
0.0401	0.0187834
0.0402	0.0186017
0.0403	0.0183638
0.0404	0.0180708
0.0405	0.0177237
0.0406	0.0173236
0.0407	0.0168717
0.0408	0.0163692
0.0409	0.0158175
0.041	0.0152177
0.0411	0.0145707
0.0412	0.0138769
0.0413	0.0131346
0.0414	0.0123365
0.0415	0.0114504
0.0416	0.0101446
0.0417	0.00953181
0.0418	0.00890681
0.0419	0.00806419
0.042	0.00716141
0.0421	0.00622536
0.0422	0.00526656
0.0423	0.00429123
0.0424	0.00330412
0.0425	0.0023093
0.0426	0.00131059
0.0427	0.000311607
0.0428	0.000684092
0.0429	0.00167305
0.043	0.00265189
0.0431	0.00361736
0.0432	0.00456641
0.0433	0.00549633
0.0434	0.00640507
0.0435	0.00729184
0.0436	0.00815873
0.0437	0.00901485
0.0438	0.00988405
0.0439	0.0107419
0.044	0.0113259
0.0441	0.0118223
0.0442	0.0123301
0.0443	0.0128196
0.0444	0.0132732
0.0445	0.0136823
0.0446	0.0140422
0.0447	0.0143504
0.0448	0.0146053
0.0449	0.0148071
0.045	0.0149571
0.0451	0.0150588
0.0452	0.0151183
0.0453	0.0151348
0.0454	0.0150573
0.0455	0.0148256
0.0456	0.0145106
0.0457	0.014156
0.0458	0.0137604
0.0459	0.0133187
0.046	0.0128285
0.0461	0.0122895
0.0462	0.0117026
0.0463	0.0110694
0.0464	0.0103919
0.0465	0.00967267
0.0466	0.00891437
0.0467	0.00812021
0.0468	0.00729383
0.0469	0.00643965
0.047	0.00556362
0.0471	0.00467553
0.0472	0.00379824
0.0473	0.0030347
0.0474	0.00283786
0.0475	0.000980374
0.0476	0.000137768
0.0477	0.00118422
0.0478	0.00220881
0.0479	0.00322112
0.048	0.00422251
0.0481	0.00521175
0.0482	0.00618663
0.0483	0.00714452
0.0484	0.00808259
0.0485	0.00899797
0.0486	0.0098878
0.0487	0.0107493
0.0488	0.0115796
0.0489	0.0123762
0.049	0.0131363
0.0491	0.0138575
0.0492	0.0145374
0.0493	0.0151733
0.0494	0.0157627
0.0495	0.0163025
0.0496	0.0167889
0.0497	0.0172154
0.0498	0.0175677
0.0499	0.0177992
0.05	0.0176946
0.0501	0.0181804
0.0502	0.0186034
0.0503	0.0188188
0.0504	0.0189362
0.0505	0.0189801
0.0506	0.018959
0.0507	0.0188762
0.0508	0.0187337
0.0509	0.0185325
0.051	0.0182734
0.0511	0.0179571
0.0512	0.0175836
0.0513	0.017153
0.0514	0.0166646
0.0515	0.0161174
0.0516	0.0155119
0.0517	0.0148614
0.0518	0.0142044
0.0519	0.013555
0.052	0.0128783
0.0521	0.0121547
0.0522	0.0113845
0.0523	0.0105727
0.0524	0.00972395
0.0525	0.00884249
0.0526	0.00793187
0.0527	0.00699515
0.0528	0.00603487
0.0529	0.00505264
0.053	0.0040482
0.0531	0.00301667
0.0532	0.00193863
0.0533	0.000742727
0.0534	0.00040781
0.0535	0.00112345
0.0536	0.00198691
0.0537	0.0029038
0.0538	0.00382945
0.0539	0.00474726
0.054	0.00564861
0.0541	0.00652772
0.0542	0.00738005
0.0543	0.0082017
0.0544	0.00898912
0.0545	0.00973905
0.0546	0.0104484
0.0547	0.0111145
0.0548	0.0117344
0.0549	0.012306
0.055	0.0128268
0.0551	0.0132949
0.0552	0.0137086
0.0553	0.0140665
0.0554	0.0143675
0.0555	0.0146113
0.0556	0.0147984
0.0557	0.0149308
0.0558	0.0150152
0.0559	0.0150736
0.056	0.0152415
0.0561	0.0154833
0.0562	0.0147243
0.0563	0.0143741
0.0564	0.0140218
0.0565	0.0136306
0.0566	0.0131917
0.0567	0.0127029
0.0568	0.0121644
0.0569	0.0115775
0.057	0.0109441
0.0571	0.0102664
0.0572	0.00954735
0.0573	0.00878981
0.0574	0.00799723
0.0575	0.00717353
0.0576	0.00632344
0.0577	0.00545323
0.0578	0.00457236
0.0579	0.00369639
0.058	0.00283853
0.0581	0.00190956
0.0582	0.000825012
0.0583	0.000261783
0.0584	0.00131694
0.0585	0.00235057
0.0586	0.00336809
0.0587	0.00437047
0.0588	0.00535638
0.0589	0.00632318
0.059	0.00726723
0.0591	0.00818362
0.0592	0.0090652
0.0593	0.00989965
0.0594	0.0106623
0.0595	0.0113318
0.0596	0.0121374
0.0597	0.0130457
0.0598	0.0138498
0.0599	0.0145739
0.06	0.015237
0.0601	0.015846
0.0602	0.0164029
0.0603	0.0169081
0.0604	0.0173611
0.0605	0.0177612
0.0606	0.0181076
0.0607	0.0183992
0.0608	0.0186354
0.0609	0.0188152
0.061	0.0189377
0.0611	0.0190016
0.0612	0.0190052
0.0613	0.0189447
0.0614	0.0188109
0.0615	0.0185705
0.0616	0.0179149
0.0617	0.0178519
0.0618	0.0178142
0.0619	0.017519
0.062	0.0171329
0.0621	0.0166819
0.0622	0.016175
0.0623	0.0156169
0.0624	0.0150107
0.0625	0.014359
0.0626	0.0136644
0.0627	0.0129291
0.0628	0.0121556
0.0629	0.0113463
0.063	0.0105036
0.0631	0.00963024
0.0632	0.00872866
0.0633	0.00780144
0.0634	0.00685097
0.0635	0.00587929
0.0636	0.00488754
0.0637	0.00387468
0.0638	0.00283351
0.0639	0.00173538
0.064	0.000477863
0.0641	0.000502236
0.0642	0.00124571
0.0643	0.00213138
0.0644	0.00305582
0.0645	0.00398559
0.0646	0.00490714
0.0647	0.00581295
0.0648	0.00669787
0.0649	0.007558
0.065	0.00839029
0.0651	0.00919255
0.0652	0.00996359
0.0653	0.0107036
0.0654	0.0114137
0.0655	0.0120887
0.0656	0.0126906
0.0657	0.0131717
0.0658	0.0135684
0.0659	0.0139191
0.066	0.0142267
0.0661	0.0144861
0.0662	0.0146928
0.0663	0.014844
0.0664	0.0149379
0.0665	0.0149734
0.0666	0.01495
0.0667	0.0148681
0.0668	0.0147285
0.0669	0.0145331
0.067	0.0142856
0.0671	0.0139943
0.0672	0.0136818
0.0673	0.0134564
0.0674	0.0134947
0.0675	0.0123044
0.0676	0.0115819
0.0677	0.0108882
0.0678	0.0101729
0.0679	0.00942513
0.068	0.00864276
0.0681	0.00782649
0.0682	0.00697822
0.0683	0.00610049
0.0684	0.00519619
0.0685	0.00426841
0.0686	0.00332041
0.0687	0.00235557
0.0688	0.0013773
0.0689	0.000389119
0.069	0.000605467
0.0691	0.0016029
0.0692	0.0025996
0.0693	0.00359198
0.0694	0.00457637
0.0695	0.00554903
0.0696	0.006506
0.0697	0.00744284
0.0698	0.00835404
0.0699	0.00923122
0.07	0.0100567
0.0701	0.010767
0.0702	0.010873
0.0703	0.012305
0.0704	0.0132435
0.0705	0.0140182
0.0706	0.0147182
0.0707	0.0153608
0.0708	0.0159509
0.0709	0.0164893
0.071	0.0169759
0.0711	0.0174096
0.0712	0.0177893
0.0713	0.0181136
0.0714	0.0183809
0.0715	0.0185892
0.0716	0.0187358
0.0717	0.0188166
0.0718	0.0188256
0.0719	0.0187626
0.072	0.0186683
0.0721	0.018602
0.0722	0.0185115
0.0723	0.0183507
0.0724	0.0181182
0.0725	0.01782
0.0726	0.0174609
0.0727	0.017044
0.0728	0.0165717
0.0729	0.0160457
0.073	0.0154667
0.0731	0.0148348
0.0732	0.0141474
0.0733	0.0133961
0.0734	0.0125533
0.0735	0.0115441
0.0736	0.0107491
0.0737	0.0101238
0.0738	0.0093434
0.0739	0.00848907
0.074	0.00759197
0.0741	0.00666497
0.0742	0.00571532
0.0743	0.00474821
0.0744	0.00376797
0.0745	0.00277854
0.0746	0.00178367
0.0747	0.000787031
0.0748	0.000207774
0.0749	0.00119718
0.075	0.0021777
0.0751	0.0031459
0.0752	0.0040985
0.0753	0.00503243
0.0754	0.00594502
0.0755	0.00683433
0.0756	0.00770006
0.0757	0.00854632
0.0758	0.00939378
0.0759	0.0103967
0.076	0.0113061
0.0761	0.0115068
0.0762	0.012023
0.0763	0.0125396
0.0764	0.0130213
0.0765	0.0134569
0.0766	0.013841
0.0767	0.0141705
0.0768	0.0144433
0.0769	0.0146579
0.077	0.0148132
0.0771	0.0149086
0.0772	0.0149438
0.0773	0.014919
0.0774	0.0148345
0.0775	0.0146916
0.0776	0.0144919
0.0777	0.0142385
0.0778	0.0139369
0.0779	0.0135984
0.078	0.0132445
0.0781	0.012871
0.0782	0.0122781
0.0783	0.0115473
0.0784	0.0108183
0.0785	0.0100781
0.0786	0.00931407
0.0787	0.00852165
0.0788	0.00770051
0.0789	0.00685235
0.079	0.00598021
0.0791	0.00508837
0.0792	0.00418277
0.0793	0.00327242
0.0794	0.00237222
0.0795	0.00150005
0.0796	0.000587008
0.0797	0.000500584
0.0798	0.00159842
0.0799	0.0026555
0.08	0.00368543
0.0801	0.0046957
0.0802	0.00568815
0.0803	0.00666205
0.0804	0.00761553
0.0805	0.00854623
0.0806	0.00945153
0.0807	0.0103287
0.0808	0.011175
0.0809	0.0119876
0.081	0.0127635
0.0811	0.0134994
0.0812	0.0141914
0.0813	0.0148335
0.0814	0.015414
0.0815	0.0158965
0.0816	0.0159634
0.0817	0.016649
0.0818	0.0173567
0.0819	0.0178067
0.082	0.0181643
0.0821	0.0184539
0.0822	0.0186821
0.0823	0.0188516
0.0824	0.0189633
0.0825	0.0190178
0.0826	0.0190152
0.0827	0.018956
0.0828	0.0188403
0.0829	0.0186686
0.083	0.0184413
0.0831	0.0181591
0.0832	0.0178227
0.0833	0.0174327
0.0834	0.01699
0.0835	0.0164952
0.0836	0.0159487
0.0837	0.0153497
0.0838	0.0146953
0.0839	0.013975
0.084	0.0131489
0.0841	0.0120517
0.0842	0.0114358
0.0843	0.0108516
0.0844	0.0100848
0.0845	0.00924476
0.0846	0.00836015
0.0847	0.00744259
0.0848	0.0064987
0.0849	0.0055332
0.085	0.00454989
0.0851	0.00355203
0.0852	0.00254239
0.0853	0.00152314
0.0854	0.000495612
0.0855	0.000539764
0.0856	0.00158124
0.0857	0.00261263
0.0858	0.00358644
0.0859	0.00448724
0.086	0.00535698
0.0861	0.00621412
0.0862	0.00705557
0.0863	0.00787491
0.0864	0.00866654
0.0865	0.00942592
0.0866	0.0101493
0.0867	0.0108335
0.0868	0.011476
0.0869	0.012075
0.087	0.01263
0.0871	0.0131428
0.0872	0.0136212
0.0873	0.0140954
0.0874	0.0147318
0.0875	0.0150372
0.0876	0.0148974
0.0877	0.014942
0.0878	0.0149796
0.0879	0.0149749
0.088	0.0149175
0.0881	0.0148035
0.0882	0.0146312
0.0883	0.0144005
0.0884	0.0141115
0.0885	0.013765
0.0886	0.0133623
0.0887	0.0129047
0.0888	0.012394
0.0889	0.011832
0.089	0.0112211
0.0891	0.0105635
0.0892	0.00986192
0.0893	0.00911902
0.0894	0.00833781
0.0895	0.00752145
0.0896	0.00667334
0.0897	0.00579719
0.0898	0.00489718
0.0899	0.00397832
0.09	0.00304754
0.0901	0.00211694
0.0902	0.00121898
0.0903	0.000550983
0.0904	0.000340889
0.0905	0.00175008
0.0906	0.00284045
0.0907	0.00387257
0.0908	0.00487753
0.0909	0.00586186
0.091	0.00682612
0.0911	0.00776884
0.0912	0.00868768
0.0913	0.00957994
0.0914	0.0104426
0.0915	0.0112726
0.0916	0.0120664
0.0917	0.0128199
0.0918	0.0135279
0.0919	0.0141831
0.092	0.014775
0.0921	0.0153039
0.0922	0.0158421
0.0923	0.0164331
0.0924	0.01698
0.0925	0.0174518
0.0926	0.0178538
0.0927	0.0181915
0.0928	0.0184676
0.0929	0.0186833
0.093	0.0188386
0.0931	0.0189329
0.0932	0.018965
0.0933	0.0189316
0.0934	0.0188261
0.0935	0.0186307
0.0936	0.0182906
0.0937	0.0178441
0.0938	0.0177976
0.0939	0.0175961
0.094	0.0172653
0.0941	0.0168551
0.0942	0.0163823
0.0943	0.0158546
0.0944	0.0152764
0.0945	0.0146507
0.0946	0.0139804
0.0947	0.0132679
0.0948	0.0125158
0.0949	0.0117265
0.095	0.0109026
0.0951	0.0100467
0.0952	0.00916137
0.0953	0.00824921
0.0954	0.00731259
0.0955	0.00635348
0.0956	0.00537285
0.0957	0.00436888
0.0958	0.00333053
0.0959	0.00219541
0.096	0.000994883
0.0961	0.000206654
0.0962	0.000651886
0.0963	0.00158959
0.0964	0.00254042
0.0965	0.00348697
0.0966	0.00442084
0.0967	0.00533648
0.0968	0.00622943
0.0969	0.00709586
0.097	0.00793227
0.0971	0.0087354
0.0972	0.00950224
0.0973	0.01023
0.0974	0.0109161
0.0975	0.0115583
0.0976	0.0121548
0.0977	0.0127044
0.0978	0.0132073
0.0979	0.0136661
0.098	0.0140892
0.0981	0.0144992
0.0982	0.0149062
0.0983	0.015061
0.0984	0.0150469
0.0985	0.0150354
0.0986	0.0150003
0.0987	0.014923
0.0988	0.0147955
0.0989	0.0146149
0.099	0.0143804
0.0991	0.0140927
0.0992	0.013754
0.0993	0.0133681
0.0994	0.0129418
0.0995	0.0124871
0.0996	0.0120168
0.0997	0.0114692
0.0998	0.0107265
0.0999	0.00992252
